0 0 2 9 5 10 3 8 7 1 4 6
0 0 3 1 8 2 10 9 7 6 5 4
0 0 8 1 9 7 6 3 5 10 2 4
0 1 0 10 9 8 7 6 5 4 3 2
0 1 2 5 0 10 9 7 3 6 8 4
0 1 2 10 7 0 6 8 4 3 9 5
0 2 1 0 10 9 8 7 6 5 4 3
0 2 3 0 8 1 7 9 5 4 10 6
0 3 2 1 0 10 9 8 7 6 5 4
0 3 5 1 8 10 4 0 7 6 2 9
0 4 3 2 1 0 10 9 8 7 6 5
0 4 9 3 8 1 10 6 5 7 2 0
0 5 4 3 2 1 0 10 9 8 7 6
0 7 1 4 9 2 8 6 0 5 3 10
0 7 3 2 10 0 9 5 8 6 1 4
0 8 1 7 9 5 4 6 2 0 3 10
0 8 2 1 9 10 6 5 7 0 3 4
0 9 3 0 1 7 8 10 6 5 4 2
0 9 3 8 1 10 5 7 6 2 0 4
0 9 3 8 1 10 6 5 7 2 0 4
0 10 4 9 2 0 7 6 8 3 1 5
